// Door
2.1 0.0 4.1   0.0 0.0 -1.0   color 255 228 181 1
2.8 0.0 4.1   0.0 0.0 -1.0   color 255 228 181 1
2.8 1.9 4.1   0.0 0.0 -1.0   color 255 228 181 1
2.8 1.9 4.1   0.0 0.0 -1.0   color 255 228 181 1
2.1 1.9 4.1   0.0 0.0 -1.0   color 255 228 181 1
2.1 0.0 4.1   0.0 0.0 -1.0   color 255 228 181 1

2.1 0.0 4.18   0.0 0.0 1.0   color 255 228 181 1
2.8 0.0 4.18   0.0 0.0 1.0   color 255 228 181 1
2.8 1.9 4.18   0.0 0.0 1.0   color 255 228 181 1
2.8 1.9 4.18   0.0 0.0 1.0   color 255 228 181 1
2.1 1.9 4.18   0.0 0.0 1.0   color 255 228 181 1
2.1 0.0 4.18   0.0 0.0 1.0   color 255 228 181 1

2.8 0.0 4.10   1.0 0.0 0.0   color 255 228 181 1
2.8 0.0 4.18   1.0 0.0 0.0   color 255 228 181 1
2.8 1.9 4.18   1.0 0.0 0.0   color 255 228 181 1
2.8 1.9 4.18   1.0 0.0 0.0   color 255 228 181 1
2.8 1.9 4.10   1.0 0.0 0.0   color 255 228 181 1
2.8 0.0 4.10   1.0 0.0 0.0   color 255 228 181 1

2.1 0.0 4.10   -1.0 0.0 0.0   color 255 228 181 1
2.1 0.0 4.18   -1.0 0.0 0.0   color 255 228 181 1
2.1 1.9 4.18   -1.0 0.0 0.0   color 255 228 181 1
2.1 1.9 4.18   -1.0 0.0 0.0   color 255 228 181 1
2.1 1.9 4.10   -1.0 0.0 0.0   color 255 228 181 1
2.1 0.0 4.10   -1.0 0.0 0.0   color 255 228 181 1

// Handle
2.58 1.02 4.00   0.0 0.0 -1.0   color 182 119 33 1
2.60 1.02 4.00   0.0 0.0 -1.0   color 182 119 33 1
2.60 1.04 4.00   0.0 0.0 -1.0   color 182 119 33 1
2.60 1.04 4.00   0.0 0.0 -1.0   color 182 119 33 1
2.58 1.04 4.00   0.0 0.0 -1.0   color 182 119 33 1
2.58 1.02 4.00   0.0 0.0 -1.0   color 182 119 33 1

2.58 1.02 4.00   -1.0 0.0 0.0   color 182 119 33 1
2.58 1.04 4.00   -1.0 0.0 0.0   color 182 119 33 1
2.60 1.08 4.10   -1.0 0.0 0.0   color 182 119 33 1
2.60 1.08 4.10   -1.0 0.0 0.0   color 182 119 33 1
2.60 1.03 4.10   -1.0 0.0 0.0   color 182 119 33 1
2.58 1.02 4.00   -1.0 0.0 0.0   color 182 119 33 1

2.60 1.02 4.00   1.0 0.0 0.0   color 182 119 33 1
2.60 1.04 4.00   1.0 0.0 0.0   color 182 119 33 1
2.65 1.08 4.10   1.0 0.0 0.0   color 182 119 33 1
2.65 1.08 4.10   1.0 0.0 0.0   color 182 119 33 1
2.65 1.03 4.10   1.0 0.0 0.0   color 182 119 33 1
2.60 1.02 4.00   1.0 0.0 0.0   color 182 119 33 1

2.58 1.04 4.00   0.0 1.0 0.0   color 182 119 33 1
2.60 1.04 4.00   0.0 1.0 0.0   color 182 119 33 1
2.65 1.08 4.10   0.0 1.0 0.0   color 182 119 33 1
2.65 1.08 4.10   0.0 1.0 0.0   color 182 119 33 1
2.60 1.08 4.10   0.0 1.0 0.0   color 182 119 33 1
2.58 1.04 4.00   0.0 1.0 0.0   color 182 119 33 1

2.58 1.02 4.00   0.0 1.0 0.0   color 182 119 33 1
2.60 1.02 4.00   0.0 1.0 0.0   color 182 119 33 1
2.65 1.03 4.10   0.0 1.0 0.0   color 182 119 33 1
2.65 1.03 4.10   0.0 1.0 0.0   color 182 119 33 1
2.60 1.03 4.10   0.0 1.0 0.0   color 182 119 33 1
2.58 1.02 4.00   0.0 1.0 0.0   color 182 119 33 1